
12772641
655901
257817
592459
646739
2717205
589739
422484
814142
845065
2437013
3223015
1220846
283616
139914
42619608
8007374
185293012
4509125
11994906
44973105
50294968
2569543
17291925
1736642
16158458
134831194
4198194
5083388
11593850
419027
113225
1427880
141858
782964
16216
99351
172357
354901
12416
72813
29462
58405
105234
175356
3414204
50294968
2569543
1736642
10864781
54401325
24592125
27681498
39807950
1600493
18706528
12415282
1198000
18622143
179794403
145372706
145334113
561998294
1398592267
476389390
313111524
572233069
259182807
326795121
534000283
91191243
185237786
231369264
26468228
13274591
8614347
22568116
10211048
1858180
1370175
1344486
3133058
1255607
1621725
10156814
2161650
22252684
2306959
36990662
15563786
14290093
9680408
36644980
11378084
10221674
7335991
479246116
227990209
67416691
181172548
91918481
41942894
432685227
888928857
26202177
49042670
45772295
70825393
21055000
68232957
111790307
